001000 00000 00001 00000 00000 000001 addi $1=$0+1
001000 00000 00010 00000 00000 000010 addi $2=$0+2 
001000 00000 00011 00000 00000 000011 addi $3=$0+3
001000 00000 00100 00000 00000 000100 addi $4=$0+4
001000 00000 00101 00000 00000 000101 addi $5=$0+5
000010 00000 00000 00000 00000 001000 j  to 32
001000 00000 00001 00000 00000 011111 addi $1=$0+31
001000 00000 00010 00000 00000 111111 addi $2=$0+63
101011 00000 00001 00000 00000 000000 sw   $1,0($0)
101011 00000 00010 00000 00000 000100 sw   $2,4($0)
100011 00000 00110 00000 00000 000000 lw   $6,0($0)
100011 00100 00111 00000 00000 000000 lw   $7,0($4)
000000 00001 00011 01000 00000 100000 add  $8=$1+$3
100011 00000 01001 00000 00000 000100 lw   $9,0($4)
000000 01010 00001 00010 00000 011000 mul  $2=$1*$10